1 60 50 30 33 2 4 10 30 90 160 250
3 60 50 30 33 4 8 20 60 180 320 450
5 200 -1 100 110 25 50 100 200 -1 -1
6 100 50 50 55 6 12 30 90 270 400 550
8 100 50 50 55 6 12 30 90 270 400 550
9 120 50 60 66 8 16 40 100 300 450 600
11 140 100 70 77 10 20 50 150 450 625 750
12 150 -1 75 83 -1 -1 -1 -1 -1 -1 -1
13 140 100 70 77 10 20 50 150 450 625 750
14 160 100 80 88 12 24 60 180 500 700 900
15 200 -1 100 110 25 50 100 200 -1 -1
16 180 100 90 99 14 28 70 200 550 750 950
18 180 100 90 99 14 28 70 200 550 750 950
19 200 100 100 110 16 32 80 220 600 800 1000
21 220 150 110 121 18 36 90 250 700 875 1050
23 220 150 110 121 18 36 90 250 700 875 1050
24 240 150 120 132 20 40 100 300 750 925 1100
25 200 -1 100 110 25 50 100 200 -1 -1
26 260 150 130 143 22 44 110 330 800 975 1150
27 260 150 130 143 22 44 110 330 800 975 1150
28 150 -1 75 83 -1 -1 -1 -1 -1 -1 -1
29 280 150 140 154 24 48 120 360 850 1025 1200
31 300 200 150 165 26 52 130 390 900 1100 1275
32 300 200 150 165 26 52 130 390 900 1100 1275
34 320 200 160 176 28 56 150 450 1000 1200 1400
35 200 -1 100 110 25 50 100 200 -1 -1
37 350 200 175 193 35 70 175 500 1100 1300 1500
39 400 200 200 220 50 100 200 600 1400 1700 2000